35 33 13 11 9 1 33 25 15 29 16 16 22 19 2 35 1
5 5 5 5 5 5 5 5 5 5 5 5 5 5 3 4 5
3 3 3 3 3 3 3 3 3 3 3 3 3 3 3 3 8
4 4 4 4 4 4 4 4 4 4 4 4 4 4 4 6 4
1 1 1 1 1 1 1 1 1 1 1 1 1 1 1 1 1
4 4 4 4 4 4 4 4 4 4 4 4 4 4 7 4 4
1 1 1 1 1 1 1 1 1 1 1 1 1 1 1 1 1
1 1 1 1 1 1 1 1 1 1 1 1 1 1 1 1 1
9 9 9 9 10 9 9 9 9 9 9 9 9 9 9 9 9
1 1 1 1 1 1 1 1 1 1 1 1 1 1 1 1 1
12 12 11 12 12 12 12 12 12 12 12 12 12 12 12 12 12
1 1 1 1 1 1 1 1 1 1 1 1 1 1 1 1 1
14 14 13 11 14 14 14 14 14 14 14 14 14 14 14 14 14
1 1 1 1 1 1 1 1 1 1 1 1 1 1 1 1 1
1 1 1 1 1 1 1 1 1 1 1 1 1 1 1 1 1
17 17 17 17 17 17 17 17 18 17 17 17 17 17 17 17 17
1 1 1 1 1 1 1 1 1 1 1 1 1 1 1 1 1
1 1 1 1 1 1 1 1 1 1 1 1 1 1 1 1 1
21 21 21 21 21 21 21 21 21 21 21 21 21 20 21 21 21
1 1 1 1 1 1 1 1 1 1 1 1 1 1 1 1 1
1 1 1 1 1 1 1 1 1 1 1 1 1 1 1 1 1
24 24 24 24 24 24 24 24 24 24 24 24 23 24 24 24 24
1 1 1 1 1 1 1 1 1 1 1 1 1 1 1 1 1
1 1 1 1 1 1 1 1 1 1 1 1 1 1 1 1 1
28 28 28 28 28 28 28 26 27 28 28 28 28 28 28 28 28
1 1 1 1 1 1 1 1 1 1 1 1 1 1 1 1 1
1 1 1 1 1 1 1 1 1 1 1 1 1 1 1 1 1
1 1 1 1 1 1 1 1 1 1 1 1 1 1 1 1 1
32 32 32 32 32 32 32 32 31 30 32 32 32 32 32 32 32
1 1 1 1 1 1 1 1 1 1 1 1 1 1 1 1 1
1 1 1 1 1 1 1 1 1 1 1 1 1 1 1 1 1
1 1 1 1 1 1 1 1 1 1 1 1 1 1 1 1 1
34 33 33 34 34 34 33 34 34 34 34 34 34 34 34 34 34
1 1 1 1 1 1 1 1 1 1 1 1 1 1 1 1 1
1 1 1 1 1 1 1 1 1 1 1 1 1 1 1 1 1